PUMAS-and-TURTLE/Mulder/GMRT.asc
ncols 178
nrows 124
xllcorner 14.3778076171875
yllcorner 40.78774564172805
cellsize 5.4931640625E-4
nodata_value -2147483648
[rows 93 to 123 of 124, columns 0 to 70 of 178]
187.90 189.88 191.85 191.77 190.72 189.70 190.69 191.70 193.70 196.72 200.77 205.79 210.77 215.76 217.82 219.85 219.84 219.85 219.85 220.74 222.69 223.70 225.69 227.67 229.68 232.73 235.70 239.72 245.76 254.77 265.80 275.82 284.84 294.87 306.90 318.91 330.82 338.69 345.51 350.38 349.28 344.29 340.30 338.39 342.41 349.44 356.44 362.41 365.44 369.43 374.54 382.59 389.59 395.53 398.46 400.43 403.43 406.46 411.49 421.52 434.56 445.54 453.47 459.38 465.23 473.12 482.04 491.04 498.12 503.25 505.36
185.00 187.04 187.67 185.52 184.14 183.44 184.01 185.65 187.65 191.04 195.77 201.11 206.11 210.04 213.84 215.88 216.31 215.93 215.63 214.14 215.02 217.78 219.99 222.29 225.36 229.44 232.78 237.51 243.85 251.82 261.84 270.72 281.52 292.98 305.80 316.82 324.96 330.21 332.62 333.71 331.30 327.33 323.24 324.67 329.31 337.09 344.22 348.50 350.82 353.74 362.39 370.44 377.48 382.02 383.86 385.47 387.96 392.76 399.82 409.56 422.35 432.66 439.59 443.83 446.22 450.71 456.66 464.68 474.17 483.41 489.19
180.41 181.75 180.98 178.90 177.46 178.23 181.10 183.46 185.24 188.54 192.51 198.54 203.54 207.61 210.65 211.99 211.63 211.48 209.71 207.53 209.27 213.19 218.42 222.19 225.19 229.26 233.22 238.63 244.22 251.41 258.51 268.24 279.72 291.16 301.74 309.98 316.33 318.79 320.10 320.03 316.85 313.59 312.20 316.44 323.23 329.47 334.26 336.54 337.55 340.55 348.33 355.82 362.16 366.79 370.11 372.95 377.71 382.89 391.36 398.79 408.77 417.93 425.07 429.37 431.85 435.23 436.93 442.25 452.43 463.52 472.87
172.91 172.91 171.91 170.91 171.93 172.94 174.94 178.95 183.98 186.98 190.98 196.98 201.97 204.96 206.94 206.93 204.91 202.89 200.89 200.92 202.92 208.93 214.93 218.93 221.93 224.93 229.93 233.94 240.96 248.96 256.96 266.96 275.94 284.91 293.90 300.88 304.87 306.87 306.86 306.86 305.87 302.88 304.91 309.92 316.93 322.92 326.91 327.91 327.89 330.89 334.86 338.84 343.83 349.84 355.86 361.89 369.91 376.94 385.94 393.94 399.91 405.87 410.83 414.83 420.85 421.85 422.87 425.86 433.83 444.80 453.80
165.77 165.43 164.10 163.73 165.81 167.84 171.22 175.22 181.07 184.44 188.44 193.84 197.84 200.28 199.87 198.50 195.46 192.32 190.58 193.02 195.29 200.69 206.73 210.69 213.65 216.95 221.95 228.73 236.77 244.77 251.73 259.80 268.20 275.39 283.39 288.79 292.23 294.23 294.23 293.16 292.08 291.79 294.02 301.50 309.91 314.80 317.76 318.17 317.32 320.61 323.76 328.03 332.65 338.95 345.99 353.36 362.47 371.70 380.21 386.39 390.75 393.23 394.60 398.56 404.52 407.79 412.28 415.88 422.20 428.61 438.16
161.88 161.61 160.26 160.65 162.65 165.27 169.38 173.45 177.10 179.76 183.98 187.98 190.59 190.90 189.02 186.98 183.22 181.60 181.26 184.44 188.10 191.95 197.33 202.02 205.71 209.68 214.68 221.99 230.68 238.76 245.14 250.33 257.33 264.67 271.36 274.05 275.28 277.43 277.43 276.35 276.66 278.29 282.63 289.98 298.48 304.24 306.55 305.32 306.82 310.71 316.13 321.87 327.21 334.17 341.79 349.83 358.29 366.13 371.12 372.24 374.39 376.13 378.95 383.57 390.26 396.41 402.22 407.29 412.29 418.33 424.79
160.03 159.04 158.03 158.03 160.04 164.05 167.07 170.09 172.11 174.12 175.15 178.17 180.18 179.17 179.16 177.15 174.11 173.11 174.12 175.12 180.12 185.12 189.14 194.17 198.15 203.11 208.09 216.08 225.10 232.11 237.12 242.13 248.16 255.17 260.18 260.19 261.20 261.24 261.24 261.21 263.18 267.16 273.15 280.15 286.17 291.20 293.20 294.18 295.17 301.17 307.17 313.16 319.17 327.17 336.17 344.18 350.21 354.26 356.28 356.26 359.22 364.16 371.10 377.08 384.10 390.10 395.10 400.12 404.13 409.14 416.14
156.76 156.01 156.28 156.54 157.18 159.09 161.84 163.51 164.18 165.36 167.43 169.07 170.00 171.18 170.36 169.46 168.58 167.74 166.82 169.77 173.25 177.21 180.10 182.96 189.07 196.44 204.14 212.14 218.76 225.28 230.31 234.27 238.72 244.19 248.94 250.78 250.67 249.51 249.67 251.22 255.60 259.88 265.91 272.46 278.01 280.87 282.58 283.80 287.15 290.71 296.71 303.56 308.55 315.06 322.50 329.20 334.35 337.25 339.44 342.30 347.93 356.43 365.58 372.97 377.76 383.54 389.39 392.24 396.27 402.15 406.97
149.33 149.23 151.64 152.61 153.21 153.92 155.95 156.90 156.78 158.83 160.83 162.43 163.36 163.71 163.90 162.25 161.83 163.67 164.29 165.02 165.71 169.21 172.86 175.78 182.43 191.20 199.64 207.71 213.02 217.28 221.63 225.06 227.47 230.08 234.04 238.24 238.75 239.54 242.46 246.05 251.74 256.21 261.79 265.40 268.01 271.01 272.62 275.24 280.50 283.96 289.96 295.27 299.12 302.09 307.57 312.87 319.57 323.07 327.26 333.62 341.36 349.76 358.90 365.65 372.09 376.40 380.78 383.85 387.21 390.94 396.66
141.30 143.23 145.30 147.29 148.29 148.29 149.32 150.32 151.29 153.26 155.24 157.21 159.20 159.23 157.30 155.27 156.18 161.12 163.09 162.12 161.17 162.24 166.27 170.24 177.26 185.30 193.32 200.36 205.33 209.33 213.33 215.41 215.51 217.48 221.50 224.54 227.44 231.35 236.32 242.26 248.28 251.29 253.39 256.42 258.36 261.39 263.36 267.30 274.27 280.15 286.15 291.23 292.32 294.32 296.39 301.39 308.39 314.27 321.21 329.17 337.20 345.23 352.32 358.32 363.44 367.47 370.50 372.54 375.59 377.59 382.63
135.98 137.76 138.72 139.43 140.38 140.84 141.81 142.81 143.79 146.88 149.98 152.86 153.79 152.69 150.88 150.12 153.72 158.29 160.31 159.34 157.27 158.27 160.95 164.95 170.72 178.29 185.24 192.24 198.50 202.72 206.53 206.14 205.26 208.36 211.05 214.24 218.55 223.62 228.65 234.21 239.17 243.21 245.43 247.55 251.69 253.57 256.83 261.90 269.14 277.29 283.31 284.88 284.62 286.62 289.88 294.83 302.07 309.78 317.02 325.05 331.76 338.72 344.46 350.05 352.93 355.64 358.64 360.62 361.48 364.38 369.43
130.07 131.09 131.41 131.29 133.57 135.00 136.53 137.53 139.13 141.60 144.07 145.41 146.41 146.02 145.53 146.78 151.42 154.39 155.86 154.26 152.12 153.05 155.67 159.81 163.48 169.38 175.78 182.85 190.65 195.63 198.04 197.52 198.11 200.43 202.91 207.57 211.95 216.95 221.34 225.31 229.71 234.38 237.36 241.02 244.87 248.01 252.73 257.73 265.25 273.32 278.72 279.67 277.95 279.95 284.53 290.66 298.18 304.08 311.67 319.14 325.09 331.63 336.04 339.34 341.81 343.76 346.69 349.43 350.50 351.17 355.11
124.38 124.40 125.34 126.28 128.31 130.20 133.15 134.15 136.19 137.28 138.34 139.38 140.38 140.38 142.30 144.31 146.43 148.53 148.59 146.54 146.38 148.32 150.42 152.55 156.52 162.52 168.47 174.50 180.62 186.64 187.66 188.60 190.54 193.44 197.38 202.35 207.32 212.32 216.28 219.34 223.33 227.40 231.30 235.30 241.22 246.17 250.15 255.15 261.25 268.39 273.42 274.35 273.24 275.16 281.11 289.13 295.19 301.19 306.35 312.44 318.52 322.64 325.74 328.77 329.83 331.79 335.81 336.97 337.07 338.04 339.24
119.42 120.29 121.46 122.46 125.57 128.64 131.64 132.62 133.39 133.35 134.17 134.10 135.12 134.94 135.90 137.92 139.72 140.67 140.67 139.90 141.14 142.93 144.03 146.01 149.10 155.28 162.35 169.26 175.10 178.81 180.88 181.84 184.00 188.04 192.24 198.15 202.28 207.10 212.19 215.35 219.33 223.35 228.24 232.24 237.35 242.50 248.64 253.64 258.39 263.08 267.01 270.31 270.88 275.20 280.84 286.75 292.57 298.41 302.52 307.28 311.16 314.63 316.41 318.16 319.34 322.25 324.14 323.89 322.51 322.11 321.15
116.91 117.34 119.47 120.47 122.42 125.49 128.42 130.04 129.36 128.87 128.89 128.89 129.40 128.27 128.65 130.09 131.66 132.10 132.03 132.58 134.70 136.69 138.75 141.24 145.92 152.98 159.98 165.36 169.75 172.14 174.07 176.18 179.80 184.42 188.92 193.31 197.74 201.68 206.13 210.74 215.36 218.81 222.82 226.75 232.81 239.42 245.49 250.55 254.57 258.51 262.44 266.99 270.65 275.77 279.66 284.48 289.49 293.87 299.00 302.94 306.45 307.28 307.60 308.55 310.60 312.06 313.50 312.65 308.35 305.68 305.74
114.32 116.28 117.32 118.27 118.30 120.39 124.40 125.50 125.40 123.48 122.58 122.63 121.71 121.62 122.57 123.51 124.61 124.55 125.41 127.33 128.32 132.39 134.34 138.26 142.36 149.41 156.41 161.40 165.44 167.39 170.29 173.26 177.27 181.37 185.36 189.35 194.25 198.20 202.19 207.25 211.35 214.29 217.43 222.34 228.34 235.40 240.54 244.68 247.82 251.82 256.73 262.70 267.57 271.61 275.66 280.60 284.64 288.63 292.73 296.78 298.86 299.86 300.76 301.71 303.71 303.79 304.84 301.06 296.95 293.94 293.84
110.44 111.38 113.44 115.36 116.45 118.31 120.20 121.34 121.30 119.56 118.55 117.64 116.50 116.52 116.30 118.22 119.36 120.56 122.61 124.63 127.76 128.69 131.74 135.75 139.75 145.72 152.30 157.30 160.25 163.30 166.45 170.50 174.35 178.35 182.51 186.65 191.65 196.58 200.59 204.53 208.79 212.81 214.88 219.74 225.76 231.42 235.24 238.05 239.99 243.86 248.74 253.70 259.64 264.70 267.78 271.72 276.61 280.74 284.74 287.69 289.53 290.69 291.83 293.90 295.78 295.78 295.59 292.62 288.75 285.88 288.14
106.41 107.41 109.48 110.54 110.52 111.52 112.95 115.01 116.48 117.05 116.49 116.04 113.92 113.54 112.99 113.86 115.92 117.92 120.49 121.98 124.41 127.56 131.00 134.49 138.56 143.60 147.35 152.48 154.90 158.48 161.90 166.48 169.92 173.92 177.90 183.03 188.15 192.09 195.52 199.52 206.21 211.68 215.13 219.07 224.04 227.99 230.48 231.97 233.97 236.40 239.89 243.87 248.36 253.49 257.55 261.42 266.32 271.89 275.89 278.31 279.76 281.31 283.50 285.18 285.61 285.61 283.91 281.87 279.44 277.89 280.95
103.33 104.39 105.57 104.82 103.85 103.98 105.84 107.78 111.75 113.52 114.41 113.34 112.28 109.39 109.47 111.40 113.34 116.28 118.41 119.40 122.32 125.35 130.30 133.23 136.35 139.45 144.45 147.70 150.50 153.58 158.32 162.39 166.41 170.47 174.38 178.56 181.87 185.92 189.79 193.73 199.87 207.78 213.54 217.48 221.46 224.58 225.70 225.75 227.81 229.80 231.91 235.00 238.23 241.48 245.36 251.05 257.90 263.97 267.97 270.83 272.84 273.83 274.20 272.56 272.66 272.60 272.28 272.12 270.02 270.84 273.90
100.51 100.46 100.30 99.19 97.25 97.14 99.13 102.31 105.26 109.26 110.37 110.52 108.44 107.66 106.71 107.65 110.59 112.54 114.54 115.53 117.48 122.49 126.55 130.62 133.62 136.51 139.40 142.39 146.44 150.59 155.71 160.66 164.67 167.60 170.56 173.39 175.44 178.39 182.39 187.44 193.44 201.35 207.25 212.31 216.20 219.19 220.29 221.35 222.40 224.28 226.29 227.19 228.07 231.07 237.18 244.24 252.21 257.15 261.16 264.05 266.16 267.15 265.03 263.02 261.12 262.07 263.12 264.28 264.50 264.45 266.19
95.29 94.71 93.64 92.04 90.64 89.52 91.98 95.06 98.06 101.12 103.06 104.59 103.52 103.59 103.59 105.12 107.05 109.05 110.99 112.46 114.40 117.93 122.59 125.66 128.72 131.12 134.06 137.52 141.40 146.93 152.54 156.53 160.12 163.65 166.06 168.52 171.59 174.59 178.53 183.59 189.65 195.77 200.70 205.12 208.52 212.04 214.17 215.11 217.12 218.46 219.99 220.93 222.34 225.34 231.40 237.93 244.06 249.12 252.71 255.23 257.77 259.23 258.10 256.57 256.64 256.46 257.46 259.58 260.65 260.24 260.11
87.44 88.11 87.11 86.06 83.98 83.75 86.70 89.51 92.57 93.76 97.57 99.66 99.62 99.62 100.40 101.51 103.51 105.58 108.48 110.43 113.27 115.48 118.62 120.52 122.68 125.70 129.54 133.49 139.17 145.19 150.24 153.46 155.54 158.78 162.51 164.62 167.56 170.56 175.46 179.62 184.85 188.14 193.20 198.86 202.75 205.99 207.15 208.93 211.70 214.56 215.41 217.25 220.11 223.04 228.27 234.32 237.60 241.96 244.17 245.50 248.46 250.47 251.35 250.30 251.07 252.75 253.69 254.91 255.98 254.12 254.19
79.24 80.32 79.39 79.43 78.54 79.65 83.69 86.77 88.81 91.83 93.67 94.54 95.51 95.66 97.71 99.82 101.74 102.77 104.72 107.70 110.71 111.74 114.66 117.77 119.84 122.84 126.91 131.96 137.96 143.89 147.78 149.74 152.70 154.73 157.68 160.80 164.85 167.93 171.80 175.74 179.61 182.69 186.64 192.57 198.66 200.62 201.61 204.66 208.70 211.85 214.94 217.01 220.09 224.12 228.16 232.97 235.82 236.61 237.50 238.43 239.35 241.28 242.28 242.40 244.44 246.43 248.54 248.50 248.39 246.32 245.28
71.00 72.29 72.78 73.20 73.63 76.53 80.53 84.19 86.89 88.35 89.28 89.68 89.56 91.70 93.70 96.72 98.48 100.50 102.50 104.01 106.65 108.66 111.01 115.13 118.62 122.04 127.16 132.16 137.80 142.26 144.77 146.72 149.12 152.19 155.60 159.26 163.26 166.80 170.26 172.66 176.01 180.08 184.55 189.06 194.75 196.70 198.12 201.12 205.12 210.36 213.36 216.38 220.45 224.87 229.52 232.38 233.19 233.17 232.74 232.30 232.47 232.93 234.40 235.36 237.78 240.56 243.63 243.63 242.25 238.40 237.45
66.78 65.87 66.89 67.84 69.60 73.64 77.64 80.69 81.87 83.71 84.71 84.87 85.74 87.74 89.67 93.47 96.51 99.25 101.25 102.15 103.40 106.27 109.36 112.56 116.58 120.61 124.80 129.87 134.05 138.83 140.67 143.54 145.76 148.83 152.85 155.69 159.76 164.41 166.69 170.27 174.36 178.36 182.58 186.63 190.01 192.81 194.76 197.76 201.83 205.23 208.23 212.10 216.10 221.19 225.17 228.17 229.97 229.03 227.27 225.52 224.47 225.18 226.26 228.94 231.82 236.74 239.81 239.95 236.39 230.54 228.67
61.83 61.81 62.77 64.85 67.88 71.93 75.93 77.89 78.89 79.81 80.81 81.80 81.82 83.72 86.81 90.81 93.90 97.88 99.88 101.91 101.93 103.85 105.81 108.82 112.82 116.77 120.78 124.74 128.74 133.74 137.80 139.81 141.86 143.83 147.78 152.80 155.77 159.74 163.81 167.80 170.77 174.78 178.73 181.70 184.74 187.65 190.73 193.73 196.70 199.66 202.61 205.62 209.62 213.55 217.51 220.51 222.50 223.60 220.71 217.68 216.63 218.67 221.78 223.83 228.76 232.73 234.61 232.51 227.42 221.51 220.59
60.93 59.53 59.51 62.21 65.63 70.33 74.33 76.70 77.65 77.53 78.53 78.04 79.21 79.48 82.44 86.81 91.96 95.30 97.26 99.26 100.28 101.16 103.53 106.16 109.84 112.81 116.44 120.44 124.44 129.81 134.09 137.44 140.88 142.88 145.86 149.09 152.14 155.72 159.76 164.18 166.86 170.54 173.42 176.37 180.49 181.67 184.95 188.00 191.09 193.07 195.32 199.39 203.02 205.62 208.13 211.09 213.78 216.60 216.44 213.86 211.79 213.42 217.49 221.96 223.69 227.04 226.58 223.13 217.38 213.85 214.30
61.07 58.21 57.45 59.49 62.76 66.88 70.95 73.98 75.67 76.36 77.36 77.02 76.42 76.76 77.68 82.78 87.85 91.04 93.81 95.73 97.49 99.18 102.28 104.40 106.61 108.85 111.75 115.75 119.75 125.70 132.25 137.80 141.91 143.83 146.15 147.33 149.57 153.30 156.54 160.95 162.09 164.30 168.13 171.97 175.13 177.85 180.55 182.86 184.34 185.51 189.44 193.52 196.42 197.48 200.07 203.83 208.79 212.92 211.89 209.16 207.16 208.21 212.13 218.07 220.76 221.25 219.46 215.29 211.08 208.79 209.82
59.96 57.98 56.98 57.98 60.94 62.91 65.87 68.85 71.87 73.88 74.88 75.94 76.00 75.00 76.00 79.97 83.95 87.95 90.95 93.96 95.96 98.96 100.94 100.91 102.89 104.91 108.92 112.94 116.97 123.94 130.92 136.90 139.90 142.92 143.92 144.97 146.97 150.92 153.88 155.85 157.87 159.89 162.87 165.85 169.87 173.89 176.89 177.85 178.83 180.85 182.79 185.81 189.83 192.89 197.92 201.92 204.87 207.81 206.81 203.81 201.83 201.81 206.81 210.75 214.77 213.77 211.79 209.83 205.89 204.89 205.89
58.03 56.68 55.97 57.72 58.53 60.57 61.84 63.85 66.52 68.52 69.44 72.87 75.63 76.68 77.68 80.00 83.39 86.36 89.36 92.03 94.40 96.28 98.28 98.53 99.41 102.49 106.89 111.64 116.76 121.32 126.60 131.52 135.88 139.54 141.89 145.08 147.08 148.28 149.14 151.09 153.09 156.17 159.21 162.21 166.21 169.88 172.60 172.61 172.49 174.17 176.03 181.14 185.09 189.29 193.31 197.76 199.32 199.81 199.13 196.38 195.45 195.78 199.05 202.02 205.37 205.77 205.17 203.86 203.04 201.54 202.21
54.53 54.75 55.43 56.32 57.89 59.32 59.10 59.96 61.85 63.85 65.99 70.67 75.46 78.79 79.79 80.00 81.21 83.64 86.64 88.53 91.07 93.64 95.64 97.89 99.46 102.46 106.43 110.32 114.75 118.07 121.85 126.85 132.53 137.75 141.43 143.86 145.86 145.64 146.64 149.21 151.21 154.21 156.64 159.64 163.64 166.53 167.85 166.71 167.28 168.17 173.07 178.64 183.21 185.50 187.17 190.57 192.03 192.49 192.60 191.85 190.85 191.96 193.74 196.17 197.96 199.07 199.17 198.82 198.39 199.75 199.64
