PUMAS-and-TURTLE/Mulder/GMRT.asc
ncols 178
nrows 124
xllcorner 14.3778076171875
yllcorner 40.78774564172805
cellsize 5.4931640625E-4
nodata_value -2147483648
[rows 62 to 92 of 124, columns 71 to 141 of 178]
868.64 888.87 914.10 944.33 974.57 1006.48 1038.28 1068.98 1094.87 1112.84 1118.03 1098.16 1063.52 1027.75 1008.28 1000.19 1003.68 1024.83 1059.71 1103.71 1151.55 1190.24 1212.05 1216.74 1207.64 1188.59 1163.91 1139.15 1114.35 1089.40 1067.19 1048.76 1029.58 1010.69 991.91 976.99 960.85 944.59 929.43 912.39 898.45 886.46 873.45 861.54 851.76 842.85 835.81 830.69 826.56 822.49 816.46 808.46 801.53 796.69 791.74 786.88 782.97 780.04 772.03 757.01 738.97 718.99 699.04 677.18 654.27 633.37 613.33 593.24 572.27 551.35 530.36
865.15 887.64 914.44 947.36 981.41 1012.00 1039.37 1065.05 1088.37 1108.52 1118.34 1105.21 1078.89 1050.65 1028.29 1018.97 1029.09 1049.55 1082.65 1123.52 1167.68 1200.01 1216.35 1214.18 1202.25 1183.55 1164.59 1144.27 1120.73 1095.39 1069.39 1045.30 1022.64 1004.03 987.32 972.37 955.64 937.35 920.50 903.84 890.23 877.83 865.23 855.38 848.20 840.96 833.57 826.37 820.90 816.62 810.12 802.52 795.47 792.76 788.78 784.85 782.32 779.71 772.44 759.25 741.20 722.12 703.87 685.04 664.24 643.43 621.68 600.11 579.06 558.06 538.58
861.75 885.63 910.89 945.16 979.65 1008.98 1031.61 1053.19 1078.43 1101.79 1120.02 1120.03 1105.15 1090.08 1077.13 1071.82 1073.59 1085.28 1111.31 1144.41 1178.60 1205.31 1212.73 1205.26 1192.28 1175.73 1159.20 1142.93 1119.81 1092.94 1065.88 1039.98 1014.03 992.56 973.29 957.58 942.38 926.65 912.10 896.76 880.15 867.12 855.00 848.71 844.26 839.87 831.77 821.77 815.60 812.72 807.19 800.07 793.85 788.58 785.58 781.58 779.67 777.70 772.39 761.01 743.57 726.84 711.38 696.80 678.52 657.96 636.91 616.37 596.01 575.01 555.33
858.83 881.71 905.69 936.48 967.34 994.23 1015.20 1036.27 1063.30 1091.40 1116.53 1131.00 1131.69 1124.19 1121.54 1120.71 1119.75 1125.58 1141.12 1158.45 1176.83 1191.27 1193.01 1184.92 1170.89 1156.97 1142.99 1125.97 1105.05 1079.20 1052.29 1027.44 1002.50 978.41 957.38 940.32 925.33 911.38 899.43 886.52 869.61 856.64 846.69 839.63 836.63 832.60 825.65 817.83 813.95 809.92 805.97 801.09 795.12 788.10 781.92 777.83 774.77 772.84 769.95 762.06 748.20 733.26 719.21 705.21 689.30 670.36 650.41 631.47 613.52 592.49 571.43
852.58 872.10 895.18 922.02 950.31 975.12 995.64 1018.48 1045.27 1073.09 1097.44 1117.71 1132.68 1140.78 1145.63 1149.06 1150.08 1154.28 1160.74 1164.93 1170.98 1172.33 1166.65 1154.38 1140.73 1127.81 1112.78 1095.38 1076.11 1055.53 1033.97 1014.27 990.30 965.53 944.83 927.41 912.02 898.70 886.70 875.12 861.65 850.07 840.28 832.17 827.48 822.54 817.31 813.65 811.80 808.76 806.39 804.19 799.22 791.61 782.09 774.56 770.54 770.38 769.31 762.82 751.27 736.77 721.54 707.84 692.52 674.29 655.41 637.53 619.18 597.11 574.90
843.25 860.81 879.57 904.79 929.80 955.76 977.80 998.88 1022.77 1047.00 1069.42 1085.42 1103.68 1122.59 1137.89 1146.83 1149.83 1155.01 1158.58 1157.91 1156.28 1148.29 1135.55 1121.16 1108.12 1095.19 1079.38 1062.09 1044.52 1030.87 1017.58 1000.34 977.08 953.86 934.41 919.14 903.92 890.63 878.63 867.59 855.21 844.10 837.28 830.02 822.62 815.40 811.61 806.87 804.80 805.30 806.58 806.24 801.91 791.29 780.67 771.97 767.37 765.89 761.93 754.63 744.33 732.78 721.95 709.58 694.21 674.22 654.41 635.52 616.34 594.19 574.34
831.80 847.80 864.78 882.68 902.61 925.52 950.52 973.53 994.50 1014.44 1033.39 1048.42 1065.41 1083.36 1102.34 1114.37 1121.37 1124.32 1125.29 1124.27 1117.24 1108.29 1099.39 1089.49 1077.54 1063.54 1048.54 1031.57 1019.64 1010.69 1001.71 985.72 962.71 939.75 923.80 909.80 893.78 880.79 868.82 858.82 848.87 839.93 834.96 827.95 817.93 809.92 803.89 798.89 797.91 799.90 801.90 803.92 800.94 790.97 777.96 767.95 760.89 754.79 745.71 735.67 726.68 719.70 711.71 701.74 687.79 670.88 651.93 634.96 618.01 598.07 580.10
817.01 834.12 850.62 865.32 880.88 896.63 917.53 938.73 957.89 974.36 991.22 1009.40 1026.67 1042.02 1057.22 1069.49 1072.31 1071.82 1071.48 1068.37 1062.79 1059.85 1057.14 1054.73 1047.79 1035.63 1020.63 1007.39 997.57 989.96 979.04 962.66 939.85 922.17 908.97 893.86 876.75 864.52 854.93 845.73 838.69 834.86 832.13 823.71 814.09 804.75 797.02 792.37 791.83 792.03 794.03 795.72 793.79 786.21 774.86 764.55 752.99 740.70 726.25 713.34 702.96 693.86 684.63 676.05 667.53 657.01 643.38 628.18 614.90 600.65 585.68
800.27 816.72 835.49 851.89 864.67 876.46 888.77 904.60 918.91 935.17 952.17 970.94 989.61 1007.38 1020.61 1028.40 1029.91 1028.10 1026.36 1022.73 1017.22 1013.97 1013.31 1014.93 1012.77 1005.60 996.33 985.66 974.96 961.90 947.09 931.23 917.09 905.67 892.89 878.52 862.15 849.03 840.70 835.76 832.75 831.64 826.61 818.42 808.21 797.40 789.02 784.36 782.43 782.84 784.99 785.88 783.88 777.54 768.24 757.06 744.25 730.21 711.58 693.75 677.13 661.85 649.24 640.80 635.87 630.20 622.07 612.53 602.41 592.92 580.59
785.15 799.18 818.21 835.21 849.19 860.18 870.19 878.23 888.30 900.36 917.39 935.41 955.42 973.41 986.40 993.39 996.40 995.38 993.38 988.37 980.37 975.37 971.40 972.45 972.48 967.48 962.46 954.42 943.37 931.31 920.24 908.20 899.19 890.18 879.15 866.14 851.11 839.10 832.09 830.06 831.04 829.05 822.05 812.09 799.10 789.09 781.08 776.09 772.12 771.15 771.17 773.16 771.16 766.15 758.13 749.11 737.08 722.09 704.07 684.07 661.11 639.16 622.23 610.28 602.34 596.39 590.40 584.39 579.36 571.33 561.30
773.89 785.97 800.74 816.72 831.30 844.48 855.30 863.57 867.84 875.01 886.66 901.82 919.00 937.65 953.42 961.76 962.55 962.59 961.32 958.93 955.14 951.45 946.11 939.34 932.92 926.25 921.71 917.96 914.46 909.99 904.63 895.04 884.77 875.20 865.54 854.08 842.73 831.40 825.64 824.74 825.58 823.34 816.05 804.40 791.86 783.17 776.27 768.63 761.49 756.77 756.64 758.14 756.14 751.70 745.85 737.95 728.13 714.41 698.44 680.12 657.75 633.80 611.17 593.81 580.09 566.29 555.61 548.68 543.35 538.17 529.57
758.37 772.22 786.05 798.37 810.70 823.11 835.66 844.56 850.48 856.32 865.22 876.12 888.51 903.82 919.37 928.49 930.73 931.24 933.61 933.87 934.28 931.91 925.79 915.35 905.96 898.97 897.29 897.20 896.52 894.11 889.23 880.20 867.62 857.19 848.16 839.41 831.25 824.86 821.73 820.08 818.21 814.65 807.19 797.79 788.12 780.89 773.24 763.49 752.00 745.41 741.88 741.36 739.50 736.01 730.23 721.64 710.91 699.05 688.05 675.90 658.95 637.01 613.75 593.43 572.10 549.46 531.65 519.14 508.55 499.28 490.23
744.56 756.64 767.70 777.76 788.79 799.86 810.94 821.90 828.93 835.92 843.93 853.92 862.98 872.17 880.39 888.46 892.44 895.36 899.35 902.27 904.24 903.19 898.12 890.98 884.82 881.69 881.71 880.76 877.82 873.85 867.88 859.81 849.62 839.55 831.50 825.44 821.34 818.23 818.18 816.15 811.23 805.34 799.31 792.23 784.18 776.21 768.23 758.23 746.23 737.31 730.41 726.54 722.63 717.72 708.81 698.84 688.79 680.68 672.62 665.54 655.33 638.07 617.82 599.72 573.68 545.72 525.79 507.95 489.23 472.62 459.84
728.76 739.72 750.44 760.94 771.74 780.63 789.09 798.14 803.85 809.78 818.62 828.87 837.90 844.78 850.59 856.61 860.53 864.63 867.59 871.49 873.52 873.56 871.10 866.64 864.08 862.77 860.18 858.08 855.48 851.87 846.47 841.26 836.17 830.03 823.15 816.48 813.41 812.58 812.58 811.70 805.63 797.21 791.21 785.28 778.58 770.55 761.26 751.06 739.28 729.21 720.04 713.72 707.98 699.57 690.54 680.99 672.09 664.79 656.64 649.45 642.86 633.31 622.28 607.61 588.15 563.51 541.51 521.37 495.89 467.92 446.80
712.76 723.29 734.61 745.56 755.04 763.57 769.24 774.36 779.17 784.95 792.98 803.63 812.30 818.76 826.06 834.26 839.96 843.13 845.59 847.45 848.91 849.53 849.71 847.89 845.87 842.56 838.17 836.78 837.04 836.22 835.21 832.90 831.34 828.18 819.95 810.80 804.91 803.37 803.51 801.43 795.43 787.54 781.39 775.32 769.37 762.06 751.93 740.20 729.25 719.25 710.93 702.59 694.44 684.71 676.39 668.56 659.16 648.44 637.62 629.03 623.76 620.39 616.83 610.45 599.07 582.21 562.96 542.89 513.43 480.30 450.38
698.91 707.01 717.24 726.32 733.54 739.68 744.64 750.54 757.32 766.16 773.25 780.52 784.81 789.90 797.03 807.02 815.88 821.72 822.73 821.87 821.96 822.96 825.79 826.54 825.30 825.03 824.74 823.67 825.65 827.59 827.60 826.62 824.72 820.78 811.73 802.73 795.69 792.77 790.99 786.13 780.06 773.94 769.83 764.74 758.74 750.80 741.67 730.50 719.46 709.50 700.60 692.57 684.53 675.48 666.57 657.73 644.93 630.12 617.24 607.36 601.46 600.42 603.08 603.69 599.29 587.00 570.82 551.73 525.42 495.11 464.93
684.90 692.53 699.18 706.78 710.58 715.35 721.21 728.28 738.61 747.44 753.00 756.59 758.62 762.36 767.02 775.81 785.73 791.73 793.80 791.92 790.64 792.01 797.29 803.10 807.80 811.36 814.05 815.33 816.04 817.17 816.82 813.31 810.24 806.43 798.83 790.02 783.57 778.96 773.96 768.06 764.18 760.71 756.66 752.71 746.88 739.04 732.55 724.94 715.03 703.98 693.56 684.33 677.40 668.54 658.43 646.21 632.18 616.15 600.50 587.68 580.26 579.24 584.59 590.05 590.90 583.71 570.36 552.76 531.16 505.95 479.65
675.06 681.02 685.83 690.65 694.72 698.03 703.61 710.81 717.54 725.05 729.01 732.53 736.01 738.62 743.13 750.01 757.95 764.16 766.22 765.28 763.72 766.83 773.96 782.69 789.37 795.05 800.14 803.20 804.21 805.70 802.95 797.77 794.84 791.83 787.14 779.20 768.90 761.16 756.58 752.27 748.84 746.38 743.52 739.95 735.64 729.27 724.51 717.64 707.07 695.57 682.89 672.27 665.20 658.25 649.39 638.03 623.03 605.96 586.66 568.60 558.92 558.55 564.25 570.44 573.10 568.77 558.93 544.04 524.67 502.83 480.56
665.92 671.05 675.03 678.10 681.14 685.14 690.33 694.62 696.80 702.05 705.14 709.09 714.84 722.33 727.29 732.41 737.65 741.05 742.18 741.13 741.05 744.05 753.03 762.08 769.14 775.15 781.02 786.81 789.65 790.60 788.41 784.23 780.27 778.28 773.47 765.52 754.36 746.26 742.27 737.31 734.41 731.45 729.42 728.26 723.35 717.50 710.71 702.89 691.88 678.86 665.76 654.71 648.67 644.57 636.68 624.81 606.92 587.94 567.83 550.50 540.45 539.68 542.02 546.28 547.36 544.28 537.08 524.78 508.59 489.44 470.34
655.42 659.37 663.36 666.51 670.41 672.13 674.88 677.52 678.61 681.32 684.46 689.68 697.66 707.68 713.58 717.66 720.55 720.33 720.27 720.32 720.32 723.05 730.57 738.25 744.22 750.38 757.60 764.65 769.95 771.99 772.40 770.81 768.02 763.59 756.14 747.36 739.85 733.84 727.73 723.92 718.78 714.57 713.33 712.36 707.53 698.02 689.56 679.28 668.57 657.98 647.37 637.72 630.49 625.02 614.63 601.37 584.85 567.18 549.56 536.07 527.13 522.97 522.43 523.88 524.60 522.06 516.39 507.75 492.81 473.65 453.40
644.85 648.26 652.79 656.85 660.37 661.25 662.14 663.02 665.15 667.61 671.54 677.60 684.54 691.85 697.38 702.50 704.91 706.02 706.02 706.61 706.68 706.38 710.28 714.79 719.74 726.47 734.73 742.38 747.39 750.44 752.95 753.47 751.46 745.28 737.01 730.72 724.90 717.32 710.73 708.44 703.84 698.71 695.66 693.74 689.41 678.94 666.12 654.94 646.58 638.16 630.26 622.90 615.49 605.81 592.51 579.89 566.86 551.90 537.65 525.25 516.38 511.33 507.11 505.01 503.50 503.28 500.51 492.05 477.05 457.38 437.18
634.17 638.04 643.11 647.17 650.18 652.12 652.10 653.16 654.16 657.17 663.00 669.00 675.94 682.74 687.86 691.98 694.96 696.16 696.21 696.40 695.51 696.26 697.47 697.78 701.93 705.32 710.77 717.12 721.16 725.18 729.96 732.63 731.40 726.12 721.91 715.09 708.32 700.31 694.07 690.20 687.98 683.75 679.92 675.24 668.63 656.87 643.67 634.38 626.39 619.23 613.20 606.26 597.62 585.64 573.34 563.91 555.36 542.93 529.02 516.07 505.24 499.27 494.31 489.63 485.96 483.29 480.65 471.64 456.53 439.25 422.82
626.02 629.92 633.86 636.93 641.81 642.87 642.85 643.03 646.14 649.14 653.99 659.90 667.85 675.80 680.71 684.60 685.59 685.63 684.66 683.48 682.51 683.28 684.29 684.28 685.09 687.04 689.72 693.15 695.99 700.00 705.27 710.51 711.63 709.59 703.37 695.08 685.94 678.26 674.60 672.83 670.94 668.94 663.79 656.46 646.16 634.14 622.54 614.60 606.61 600.44 593.41 585.12 573.88 563.02 552.39 547.73 542.19 534.75 522.24 508.38 498.43 491.37 485.07 477.96 471.63 466.18 458.73 449.63 436.74 421.04 407.26
618.58 621.04 625.10 628.63 631.50 633.56 634.52 636.65 639.65 642.71 645.69 649.73 656.37 663.01 665.99 668.44 670.93 672.83 674.26 672.08 670.12 669.05 669.58 669.99 671.47 673.59 673.57 672.83 674.35 677.87 683.69 689.58 690.22 685.13 677.53 667.70 659.47 655.62 654.29 653.36 652.54 649.54 642.46 632.79 622.14 611.04 602.29 594.41 585.99 577.39 569.37 559.24 547.53 538.97 532.48 528.48 525.74 521.53 514.22 503.66 494.02 486.84 479.07 472.01 463.46 454.85 445.30 434.76 421.76 407.29 394.77
611.32 613.31 616.46 620.29 623.23 625.23 627.26 629.20 632.20 634.41 636.38 638.62 642.18 645.67 647.64 649.50 653.30 658.04 661.93 661.64 658.61 656.63 656.61 658.61 660.75 661.11 659.16 658.15 658.28 661.33 663.64 664.50 662.97 656.88 649.52 643.03 638.55 635.58 633.74 632.87 630.30 626.57 619.39 610.10 600.90 591.85 582.06 572.42 562.49 553.35 545.11 535.11 525.76 519.53 516.28 513.20 509.41 503.78 497.83 490.45 483.04 478.47 473.00 466.85 456.98 447.18 436.38 425.36 412.30 398.79 387.53
600.85 602.93 605.93 609.85 613.81 615.89 617.98 621.02 623.93 625.06 626.89 626.80 627.69 629.72 631.88 636.05 641.19 646.03 649.88 649.71 646.95 647.22 647.05 646.88 646.62 645.65 644.62 643.70 643.70 645.50 646.38 644.29 639.13 634.34 630.47 625.69 622.74 619.65 617.49 614.32 609.07 602.91 595.93 589.02 581.07 570.93 559.79 548.82 540.03 533.29 526.34 516.44 508.41 504.34 501.34 497.37 492.31 485.32 479.48 474.56 469.83 468.10 466.15 460.33 450.40 439.27 427.23 416.14 404.25 394.55 385.90
587.65 590.67 593.61 596.49 599.42 602.98 605.50 608.93 611.35 614.06 613.87 613.81 615.24 618.69 623.74 629.25 634.94 636.99 638.04 636.34 636.98 638.63 636.49 635.04 632.91 633.03 630.91 630.98 630.98 629.97 629.10 627.15 623.07 620.64 617.07 614.15 611.10 607.03 603.00 598.07 590.07 581.76 574.01 567.12 559.12 548.37 537.17 527.12 520.80 515.99 509.10 499.25 489.70 483.13 480.13 478.01 473.76 468.96 465.37 461.17 458.31 457.69 455.17 450.93 442.37 430.68 418.19 406.45 396.33 389.33 383.10
572.84 576.59 580.40 584.15 587.15 590.28 593.96 597.91 600.12 602.10 602.84 603.52 605.54 610.52 615.88 621.90 626.00 626.21 625.35 624.31 625.39 627.19 625.12 622.35 620.28 619.47 618.35 618.42 618.49 616.45 613.52 610.85 607.14 605.30 602.32 600.00 597.88 593.88 588.25 582.28 573.17 562.22 551.62 542.99 535.13 526.78 516.62 508.31 500.77 495.16 486.54 476.17 466.90 459.74 456.67 456.59 455.20 454.63 454.10 451.82 448.82 445.22 441.74 435.98 428.74 418.44 406.03 396.68 388.47 382.51 375.56
557.01 562.00 566.00 570.97 574.02 578.05 581.01 585.99 588.10 590.15 592.31 595.38 597.38 600.25 603.17 609.17 614.21 613.22 612.17 612.21 612.17 614.06 613.21 609.22 608.20 607.21 605.11 604.03 602.95 600.95 598.93 593.81 588.71 584.64 581.63 581.70 578.73 574.72 568.66 561.63 553.67 543.76 531.88 522.88 512.74 504.75 497.82 488.73 479.64 470.52 461.63 453.70 445.84 440.91 438.95 437.86 437.85 438.78 438.79 438.81 435.81 430.77 424.80 417.86 411.95 404.13 395.29 386.40 379.38 373.33 365.30
541.49 544.64 548.69 552.96 557.70 561.99 565.67 569.98 574.18 577.30 580.76 583.81 586.15 588.37 591.66 598.09 602.76 603.21 600.61 600.17 600.61 600.85 601.22 598.63 596.94 595.56 593.02 589.45 587.14 584.32 581.30 575.22 569.49 565.44 563.21 563.17 560.80 557.19 550.50 543.07 535.07 526.48 518.03 509.41 498.68 490.01 480.82 470.41 460.34 451.73 445.21 437.93 432.41 427.80 425.41 422.96 421.16 419.29 418.52 417.55 414.11 409.93 406.41 402.72 398.46 392.94 385.40 378.11 370.38 363.02 354.58
522.63 524.58 527.66 533.46 541.14 547.57 554.18 559.20 562.43 564.73 565.19 567.49 571.29 575.80 581.23 587.55 590.90 591.99 591.22 590.83 590.93 592.03 590.91 589.64 588.66 586.71 582.48 575.67 570.32 567.18 563.41 557.27 553.14 549.84 548.90 549.67 547.35 544.16 538.11 530.86 522.86 515.67 508.40 500.42 491.22 479.62 467.84 456.03 446.03 438.06 432.94 427.69 423.42 419.45 416.49 413.47 409.64 405.74 403.68 401.13 398.03 394.23 392.18 390.33 389.01 384.66 377.48 370.08 363.95 354.38 346.13
