PUMAS-and-TURTLE/Mulder/GMRT.asc
ncols 178
nrows 124
xllcorner 14.3778076171875
yllcorner 40.78774564172805
cellsize 5.4931640625E-4
nodata_value -2147483648
[rows 31 to 61 of 124, columns 71 to 141 of 178]
959.08 967.51 966.84 967.18 971.01 976.92 990.68 1008.73 1026.55 1038.07 1042.37 1042.72 1041.11 1039.61 1039.24 1040.00 1043.23 1051.41 1059.60 1064.80 1062.99 1053.29 1041.60 1028.21 1014.85 1000.32 984.81 972.06 962.99 955.75 950.76 940.22 928.24 922.07 924.89 933.82 939.69 935.48 926.22 917.28 907.45 900.38 892.16 882.58 869.90 855.55 845.48 836.59 828.85 817.96 804.03 789.10 774.17 763.26 757.33 753.15 743.95 729.76 713.46 698.14 684.89 672.73 662.52 651.40 638.22 622.16 604.31 588.43 569.52 548.27 526.96
991.80 1002.84 1009.11 1011.89 1014.07 1019.70 1030.60 1045.39 1056.22 1058.43 1052.78 1045.49 1037.11 1030.71 1026.75 1027.60 1035.10 1046.95 1058.54 1066.26 1067.04 1062.76 1055.79 1049.12 1040.09 1029.31 1018.55 1011.32 1004.57 997.36 991.30 985.69 974.82 967.59 969.57 976.81 978.95 972.38 961.62 951.71 943.20 933.96 924.46 909.35 891.64 875.12 863.68 856.72 850.48 839.05 826.49 813.48 800.30 790.04 782.49 774.21 762.43 745.60 726.66 707.65 692.13 678.26 665.69 653.08 639.39 624.14 609.03 594.47 576.11 551.79 529.03
1009.84 1023.01 1035.16 1042.11 1046.56 1050.79 1055.05 1060.17 1058.56 1048.46 1034.36 1020.33 1007.73 997.44 991.04 992.61 1002.02 1016.31 1034.46 1047.36 1052.18 1053.99 1054.63 1052.83 1046.70 1041.28 1036.81 1034.87 1031.56 1025.60 1019.74 1012.79 1006.09 1001.32 1002.44 1005.96 1005.80 998.58 989.34 978.98 970.72 963.28 953.26 937.67 918.63 900.86 888.23 880.85 873.09 861.00 849.83 836.92 826.80 814.29 802.04 789.00 772.97 752.70 731.84 710.92 694.08 678.16 665.07 653.61 641.37 628.90 616.50 603.41 584.32 561.81 540.50
998.39 1016.64 1033.01 1046.36 1054.52 1057.53 1057.33 1048.55 1033.36 1014.87 997.93 981.05 965.90 951.61 940.35 935.89 939.44 950.02 968.83 985.90 999.33 1007.90 1015.29 1019.89 1024.79 1029.60 1033.09 1036.31 1033.22 1027.06 1018.97 1014.09 1011.40 1010.76 1013.03 1016.23 1017.40 1013.77 1006.05 998.37 994.67 988.76 978.71 965.75 949.81 930.77 914.61 903.40 894.25 883.40 872.46 861.49 848.22 832.94 815.64 797.28 776.03 751.96 730.95 711.14 694.19 679.27 667.37 657.41 646.51 636.53 625.52 611.43 593.52 573.71 554.83
962.02 982.45 1004.68 1021.38 1030.94 1035.21 1031.77 1009.88 973.41 949.22 938.28 928.86 913.94 898.32 885.17 876.82 874.59 877.71 889.62 903.43 919.21 934.62 947.27 961.54 980.91 998.63 1007.47 1009.27 1002.48 992.83 985.84 982.93 985.90 992.72 1003.17 1012.57 1019.20 1022.15 1022.26 1022.03 1022.21 1017.23 1005.43 989.81 972.11 952.73 935.27 922.13 911.47 902.37 891.87 878.39 861.41 841.78 820.41 797.73 774.06 751.75 731.82 716.09 701.23 687.69 676.52 665.89 655.29 644.36 631.52 616.06 599.23 580.99 563.54
918.44 941.16 962.88 978.57 987.26 988.73 971.72 931.84 892.00 874.46 872.41 871.68 865.78 859.13 853.15 849.42 847.78 847.05 849.32 856.34 865.07 874.67 885.93 900.21 923.83 941.08 948.77 945.55 937.56 927.95 925.22 926.48 936.57 951.78 974.30 997.15 1012.28 1023.49 1033.77 1042.19 1047.23 1042.79 1028.53 1010.28 988.75 968.73 950.70 937.77 926.39 914.39 899.59 881.23 863.18 842.30 819.08 795.91 774.07 755.31 738.80 726.43 715.20 702.37 688.16 674.07 660.68 647.35 633.29 617.27 598.72 579.83 561.31
878.41 899.22 916.98 928.76 933.63 925.43 902.64 872.35 852.09 844.43 845.45 846.47 845.57 843.67 842.77 841.85 842.84 842.92 841.91 843.75 847.65 851.52 857.34 863.08 871.53 876.21 880.05 881.12 880.32 876.58 876.69 880.71 890.60 904.41 927.15 962.19 989.68 1007.97 1025.24 1041.47 1049.63 1048.93 1041.25 1025.50 1005.68 985.74 967.72 953.60 939.47 921.23 900.05 880.03 862.03 842.11 821.22 800.39 781.49 765.54 751.53 739.41 726.31 711.20 694.10 674.94 657.81 643.81 629.78 613.78 594.84 573.82 554.82
839.84 852.93 862.21 868.19 871.30 866.15 857.41 847.50 841.36 840.06 839.94 840.90 841.27 841.04 840.98 841.40 840.25 841.75 841.82 841.98 844.52 847.83 850.31 852.53 852.99 853.74 853.74 853.62 855.16 857.26 859.49 862.12 867.95 874.90 887.81 912.50 946.84 973.05 997.09 1016.92 1030.03 1040.41 1041.56 1035.48 1023.04 1005.79 986.03 967.90 949.35 927.01 904.08 884.04 866.04 848.61 830.45 813.79 797.71 781.37 764.66 747.42 730.98 713.62 693.74 672.12 653.27 639.36 623.94 607.94 591.09 571.81 553.07
813.57 817.63 820.19 824.39 829.82 835.54 838.24 839.32 837.76 838.12 838.79 840.38 842.07 843.07 845.28 846.24 845.09 844.29 844.36 846.06 848.84 852.35 853.66 852.45 852.86 851.69 852.03 852.69 853.99 856.39 856.99 858.29 860.79 864.04 870.34 882.82 904.99 933.93 962.05 984.51 1003.15 1024.24 1037.57 1042.22 1037.84 1023.15 1001.87 979.56 957.77 936.36 916.45 897.12 879.19 860.90 844.18 826.59 810.25 793.52 773.39 753.04 732.51 712.19 691.79 671.75 654.52 638.97 623.01 607.16 590.23 572.88 556.24
803.94 806.95 808.97 812.99 819.98 826.97 831.97 833.97 836.00 839.04 841.06 845.09 848.11 850.13 853.13 855.15 856.16 855.16 854.17 857.15 859.14 859.11 859.07 856.05 854.04 854.05 856.07 858.08 859.07 860.04 859.04 859.02 860.01 860.98 863.96 870.90 883.81 904.69 929.63 953.65 975.66 1003.71 1027.82 1041.93 1043.00 1032.08 1014.14 991.16 968.16 949.19 932.20 914.20 895.18 874.13 854.07 834.05 816.02 794.95 771.90 747.87 725.87 705.88 686.91 670.95 653.95 638.95 621.95 603.94 585.93 570.95 557.00
802.85 807.49 811.91 818.17 823.79 828.30 832.23 834.80 838.40 843.51 848.53 853.49 857.83 862.24 865.55 868.62 868.85 867.85 868.39 868.17 869.87 869.17 865.34 860.70 858.40 859.55 862.39 864.47 864.09 862.91 861.56 860.79 861.53 861.80 863.49 867.47 874.00 887.23 906.65 931.00 953.00 980.66 1010.41 1031.18 1038.15 1035.26 1022.54 1002.71 981.32 963.13 945.60 926.30 904.28 879.22 854.58 834.24 812.71 787.89 760.21 736.21 714.17 695.85 679.34 663.81 647.92 631.85 615.07 598.38 581.25 567.36 556.58
804.25 811.09 816.83 820.51 825.33 829.99 833.91 838.84 845.31 850.78 858.44 865.61 871.27 877.01 880.97 883.82 884.79 883.71 882.71 882.78 883.89 882.61 877.54 870.61 867.65 867.40 868.19 869.02 867.91 867.61 866.19 866.23 865.49 866.06 865.70 866.96 868.79 875.34 887.26 906.03 928.25 956.06 984.85 1011.28 1025.15 1028.87 1022.91 1009.18 990.28 970.40 949.92 928.64 903.98 875.40 850.98 830.57 808.38 782.08 755.29 731.14 709.91 693.06 676.40 659.40 642.70 626.56 611.91 597.20 583.16 568.54 557.76
806.97 812.97 818.96 824.91 831.88 836.88 841.90 844.91 851.91 860.86 870.84 877.83 884.83 890.84 895.81 900.78 902.76 902.74 900.74 899.76 898.79 895.80 890.81 885.79 881.79 878.82 875.87 872.92 872.92 872.92 872.91 872.92 871.93 868.95 866.96 866.98 867.00 869.04 875.10 887.17 906.25 932.29 958.32 983.37 1000.38 1009.34 1009.27 1002.17 989.08 971.02 950.00 926.00 899.03 871.02 848.00 828.99 808.97 785.93 761.90 739.87 717.85 699.86 682.86 664.87 647.87 633.86 620.84 608.84 592.86 576.89 562.92
808.47 815.81 824.22 833.73 841.81 846.78 848.78 852.89 859.86 871.04 882.11 891.55 897.71 902.87 910.25 916.52 920.86 922.17 921.47 919.37 917.29 912.69 906.62 901.59 898.96 895.18 888.46 881.75 879.95 879.98 880.86 878.71 876.37 874.25 872.28 870.98 868.80 868.94 871.29 878.30 889.67 910.83 935.17 955.67 969.25 978.87 983.65 983.69 978.58 967.07 949.37 928.18 900.50 872.73 850.67 831.21 811.28 790.69 769.33 748.80 730.51 713.07 695.87 677.12 659.62 644.35 632.19 618.05 601.69 583.74 568.96
812.27 820.46 829.50 838.97 846.97 852.62 856.25 859.59 867.32 877.66 888.74 898.13 905.83 912.38 921.00 929.36 935.64 938.19 938.75 937.33 935.33 929.17 923.09 918.82 916.21 912.67 904.00 895.26 889.82 889.38 888.10 886.32 883.28 878.85 876.34 873.71 872.44 870.24 869.18 872.38 877.90 889.45 907.75 926.76 938.63 945.52 952.27 957.82 959.04 954.83 944.03 927.49 903.98 877.68 852.09 829.98 808.82 788.86 769.38 753.09 736.91 720.42 701.13 679.27 659.53 642.03 628.40 614.33 599.18 583.39 569.00
819.75 825.79 834.84 842.89 850.89 856.89 861.84 864.79 871.82 881.84 891.90 900.92 908.92 917.82 927.76 936.74 944.71 949.61 952.53 952.47 950.45 945.37 940.37 935.37 932.40 927.47 917.52 908.55 902.54 898.66 895.71 890.82 887.85 883.81 878.87 874.92 872.96 871.93 869.92 868.09 867.28 870.54 881.85 895.16 903.32 905.49 912.54 927.29 938.83 941.55 936.32 925.13 906.00 879.98 852.05 825.19 801.25 781.25 765.18 750.19 733.24 715.27 694.23 673.15 653.12 637.06 622.04 609.01 595.99 582.98 565.09
823.36 830.66 837.29 844.49 852.22 858.41 864.68 870.50 877.19 885.90 894.60 902.56 910.81 922.18 933.45 943.94 951.86 959.23 963.55 964.59 963.67 960.81 955.19 951.06 946.84 939.31 927.98 918.11 912.11 906.84 902.10 895.80 891.75 887.75 882.75 877.91 875.71 874.76 872.54 868.59 865.20 863.49 865.92 870.40 874.12 874.03 878.72 895.32 916.03 926.55 927.73 920.29 904.02 879.46 849.63 821.90 797.85 777.90 760.41 745.01 727.36 709.76 692.42 674.01 655.31 638.86 625.83 612.91 599.72 584.32 565.90
825.53 833.65 839.60 846.43 854.60 862.19 869.86 877.93 885.44 893.24 901.19 908.51 917.09 929.21 941.80 954.44 964.14 972.26 976.77 978.45 977.45 974.45 970.55 965.03 958.28 948.03 936.52 928.19 922.26 915.67 908.45 901.25 896.57 892.71 887.78 883.90 880.39 878.23 875.18 872.77 869.26 865.41 863.01 861.38 860.12 859.04 861.98 873.20 890.49 905.49 911.46 907.79 895.56 874.14 848.95 825.36 802.37 781.14 761.50 743.25 728.03 713.36 697.53 680.77 662.82 644.79 629.59 614.82 600.16 584.65 569.34
831.56 838.65 844.61 850.57 859.61 868.56 876.45 885.36 898.12 907.86 915.79 923.77 929.87 940.96 954.91 968.83 981.80 988.93 991.98 993.00 992.00 988.96 985.00 977.11 967.24 955.33 945.35 937.39 930.48 922.49 916.40 911.22 907.20 901.31 895.40 890.60 884.78 880.86 877.79 876.74 874.61 872.46 868.48 864.59 859.71 855.88 855.22 858.68 869.15 882.45 890.40 891.26 882.92 867.51 849.15 828.90 809.75 787.67 766.72 746.80 730.97 717.05 700.14 681.25 663.25 644.34 627.43 610.47 595.50 581.42 567.26
837.98 844.31 851.38 858.24 866.13 875.29 886.83 897.37 911.98 926.25 936.58 943.88 949.82 959.75 973.75 988.49 998.96 1003.59 1006.59 1008.66 1008.08 1006.14 1001.26 993.47 982.19 968.92 956.66 947.07 938.63 931.91 927.20 924.17 919.31 913.15 905.56 895.91 887.59 882.52 881.68 880.87 881.03 880.30 877.58 871.63 867.14 860.65 853.93 852.12 854.86 861.71 868.88 869.70 867.74 857.87 843.73 828.28 809.77 790.07 769.10 747.86 728.30 711.63 693.73 674.50 656.54 636.68 618.28 600.95 584.92 572.01 561.07
843.72 851.26 858.19 864.50 873.57 883.99 898.17 913.48 931.21 945.21 956.26 965.31 972.94 982.88 996.81 1008.49 1017.88 1022.83 1025.76 1027.76 1027.87 1026.01 1022.27 1014.89 1003.40 989.92 975.09 961.71 951.67 945.23 940.28 935.86 931.55 924.07 912.90 901.79 892.67 887.67 886.17 886.29 885.79 885.34 882.90 878.02 870.86 862.04 853.93 849.33 845.92 845.50 845.52 845.60 848.03 844.24 835.39 824.07 809.74 791.23 769.66 747.10 725.49 705.83 689.38 670.26 651.19 631.95 610.70 590.52 573.59 560.29 547.31
850.39 857.33 865.15 874.82 885.61 899.27 915.11 934.02 952.07 966.07 976.98 986.85 996.69 1007.47 1022.34 1034.20 1045.12 1052.88 1056.75 1058.84 1055.99 1052.30 1045.78 1035.99 1024.99 1011.95 996.76 983.66 972.79 964.96 957.21 949.59 942.02 932.32 918.42 907.47 899.39 894.43 891.56 890.69 888.71 886.84 882.96 877.04 870.04 862.82 854.87 848.08 841.31 834.64 830.82 828.99 831.13 833.75 831.22 825.73 815.41 799.11 777.06 753.09 730.26 709.38 694.35 679.07 658.09 634.46 612.54 590.66 569.94 552.45 535.78
857.18 865.21 875.79 888.17 902.46 918.89 937.02 954.96 971.57 985.71 999.08 1010.96 1023.62 1038.09 1054.19 1067.25 1078.27 1088.26 1093.32 1093.50 1090.48 1082.97 1070.19 1058.97 1048.00 1036.11 1022.81 1009.70 997.55 987.15 976.59 965.16 952.49 938.86 925.91 914.13 905.96 899.75 895.70 893.50 892.48 889.28 884.21 878.20 871.35 865.43 856.21 847.85 838.72 830.79 825.68 823.68 824.78 827.78 829.14 827.95 820.56 808.00 787.49 764.72 739.44 717.27 700.79 686.48 666.59 641.66 617.35 594.27 572.04 549.90 530.59
863.87 872.86 885.91 901.47 917.98 936.03 953.97 971.97 987.24 1002.57 1019.46 1039.45 1058.44 1075.22 1090.04 1102.91 1113.25 1121.73 1126.80 1128.92 1126.44 1117.72 1102.80 1090.81 1079.02 1065.57 1049.00 1033.43 1018.40 1005.49 991.91 976.82 960.79 944.08 931.41 921.99 913.52 906.46 902.00 898.61 894.58 890.06 885.12 879.78 873.90 867.31 857.12 846.94 837.75 831.27 827.91 825.97 827.51 830.51 832.17 828.12 822.18 812.88 796.05 773.51 747.52 722.95 702.98 683.37 661.92 638.44 614.37 591.83 569.10 549.08 529.94
865.92 876.83 891.49 910.18 929.88 948.65 967.48 985.37 1002.99 1022.38 1045.91 1068.25 1087.47 1102.26 1117.84 1132.67 1144.49 1151.59 1155.82 1157.71 1155.72 1149.50 1139.01 1126.12 1109.60 1092.97 1074.18 1056.32 1037.56 1020.10 1004.48 985.78 966.15 949.03 939.65 931.60 922.78 915.89 910.16 903.55 895.73 890.00 884.28 877.63 870.80 864.62 856.34 847.06 840.66 835.50 832.65 829.76 830.92 833.97 833.19 827.47 821.39 813.48 798.28 776.04 749.10 722.18 697.72 673.01 648.20 626.16 604.01 582.79 563.35 546.09 529.83
865.97 877.19 894.41 915.77 937.87 958.99 979.26 999.77 1021.37 1044.65 1067.19 1084.36 1105.49 1129.38 1148.61 1162.44 1173.06 1179.72 1181.37 1185.27 1183.38 1177.34 1168.50 1155.72 1137.64 1117.22 1098.00 1078.87 1058.75 1038.54 1019.14 997.90 976.84 961.82 953.68 944.67 934.40 924.93 915.64 907.47 899.26 889.98 880.71 871.37 863.21 858.06 851.12 845.40 840.68 836.96 833.96 830.83 828.57 830.42 829.19 822.14 814.95 806.10 793.44 773.76 748.02 721.23 694.20 669.28 644.39 621.34 600.28 581.30 564.59 548.56 533.41
867.14 880.69 899.23 921.94 944.54 965.48 988.33 1015.23 1042.17 1066.78 1088.51 1116.60 1145.58 1168.71 1185.43 1198.06 1204.85 1208.17 1207.98 1208.89 1208.20 1203.22 1196.12 1185.55 1168.39 1146.50 1124.95 1103.21 1080.04 1058.32 1037.31 1015.06 994.36 978.78 967.39 956.59 943.62 931.48 921.36 912.36 901.33 890.90 879.88 868.21 858.78 850.81 843.33 838.82 836.36 834.97 831.91 828.33 824.36 824.52 821.09 814.03 806.39 800.48 789.97 773.42 750.75 726.59 701.92 679.37 655.91 632.43 610.55 589.76 571.67 553.40 535.37
873.13 887.81 906.82 928.02 949.39 971.11 998.43 1031.75 1064.23 1088.58 1113.02 1147.77 1170.37 1185.62 1198.03 1207.76 1214.40 1217.19 1217.73 1217.39 1220.19 1222.58 1217.82 1210.21 1195.69 1178.00 1155.13 1127.84 1097.75 1070.70 1047.99 1028.43 1010.88 995.96 980.47 965.83 950.09 937.18 928.03 918.18 905.29 892.70 880.79 869.63 857.97 847.17 839.22 836.02 834.77 833.78 831.70 828.84 822.95 819.55 813.04 807.02 800.82 795.85 787.58 774.20 756.41 736.61 716.03 695.99 673.07 649.18 624.74 599.42 575.12 551.78 531.90
877.33 895.56 914.56 934.59 954.59 978.92 1009.28 1046.35 1079.10 1099.79 1117.10 1140.22 1146.76 1148.36 1155.91 1157.55 1168.63 1176.49 1184.28 1190.95 1206.91 1222.17 1227.30 1223.75 1214.03 1199.14 1176.24 1145.18 1109.87 1077.66 1054.65 1037.91 1023.10 1006.89 988.63 971.45 955.52 943.57 934.49 924.43 911.43 896.41 882.31 871.06 858.01 847.98 839.09 837.14 838.25 837.25 834.13 828.95 822.78 815.55 807.40 799.39 794.36 789.18 781.28 770.47 757.75 743.05 726.29 705.26 681.03 654.83 627.63 599.59 571.52 545.58 525.58
878.92 897.61 916.93 938.16 961.30 989.65 1022.85 1058.46 1087.49 1105.81 1116.51 1116.29 1094.56 1063.54 1050.97 1031.57 1048.38 1077.12 1108.65 1140.13 1178.37 1208.07 1223.59 1225.99 1217.06 1201.24 1178.55 1148.94 1114.45 1083.10 1060.98 1046.55 1032.29 1013.28 992.76 974.64 960.15 948.15 937.81 925.54 912.60 899.05 884.99 870.73 857.24 846.11 840.18 837.74 838.42 837.09 832.59 826.14 817.57 809.39 801.08 794.15 787.53 781.27 773.41 763.15 751.01 736.37 719.67 697.80 672.04 645.68 618.76 593.35 567.12 543.70 523.70
875.05 892.00 913.46 939.36 966.97 999.55 1032.62 1066.10 1092.42 1112.17 1116.73 1100.38 1065.28 1027.06 1011.76 1003.68 1005.98 1026.52 1063.90 1106.63 1154.14 1193.73 1215.99 1221.98 1212.98 1195.19 1169.44 1141.96 1112.23 1085.47 1064.58 1050.87 1034.35 1014.24 992.20 974.88 961.04 949.31 935.91 920.28 906.46 894.30 881.11 867.87 854.46 844.21 838.50 835.62 834.09 830.44 825.49 817.65 808.49 802.06 796.74 789.60 784.15 779.05 770.83 758.31 742.08 723.66 703.98 680.87 656.64 634.07 611.45 591.87 569.30 546.18 526.25
