PUMAS-and-TURTLE/Mulder/GMRT.asc
ncols 178
nrows 124
xllcorner 14.3778076171875
yllcorner 40.78774564172805
cellsize 5.4931640625E-4
nodata_value -2147483648
[rows 0 to 30 of 124, columns 0 to 70 of 178]
127.66 130.80 133.80 138.67 143.45 145.35 144.33 141.56 140.75 141.86 141.82 141.57 143.48 146.59 150.58 154.62 156.61 157.61 157.66 159.46 160.47 160.43 162.39 165.30 168.30 170.45 171.34 171.43 172.43 175.52 178.56 180.76 181.80 181.80 180.69 181.50 183.36 185.23 187.07 190.17 194.17 197.27 200.30 204.29 208.29 212.20 215.96 221.57 226.53 233.39 241.41 249.37 254.42 256.36 258.32 263.23 271.45 279.76 287.27 291.54 290.92 288.33 286.64 287.77 288.88 289.67 290.72 291.60 292.54 293.44 295.40
134.26 138.84 141.96 144.64 146.20 147.13 147.50 147.37 148.90 149.39 148.93 146.86 147.39 151.00 155.46 159.91 162.31 163.25 164.26 164.13 164.79 164.39 164.93 166.41 169.46 173.14 173.47 174.99 176.39 180.91 184.31 187.93 189.78 189.73 188.73 187.65 187.73 187.81 189.26 193.33 197.33 201.28 206.20 210.59 214.48 216.90 218.37 219.65 224.25 229.78 236.93 243.47 248.47 250.92 252.41 256.00 264.39 274.36 284.22 291.83 295.22 298.08 300.32 303.18 304.62 304.95 305.89 306.62 307.96 308.29 309.32
141.90 146.21 147.54 146.82 145.93 146.93 148.92 152.46 155.25 156.00 154.98 152.08 151.23 154.41 159.42 164.38 168.16 169.86 171.70 171.76 170.14 168.29 167.44 168.49 170.72 173.77 175.62 177.57 180.36 185.31 190.16 193.85 197.78 198.62 197.62 195.78 193.98 192.11 193.36 197.29 201.23 206.89 213.76 219.55 225.15 227.90 227.85 228.84 231.98 236.13 241.33 246.54 251.54 254.43 256.18 257.49 261.32 266.46 274.10 281.68 289.31 297.78 305.24 310.81 314.04 315.76 317.46 321.10 324.58 326.24 326.97
146.19 148.04 149.04 148.10 147.16 148.16 151.14 155.14 159.26 161.37 160.50 158.68 157.60 157.41 162.28 168.33 173.44 177.60 179.60 178.56 175.44 173.44 172.43 172.38 173.27 175.24 177.24 180.28 184.32 190.37 195.51 201.53 204.49 205.42 204.42 202.48 199.50 197.56 197.50 202.49 207.53 213.53 220.46 227.58 234.70 238.88 242.07 243.21 246.27 250.33 254.28 258.23 263.16 268.32 271.43 272.49 272.35 271.07 272.58 276.11 282.80 290.56 300.52 308.68 317.00 321.36 325.58 330.76 337.96 343.22 345.47
147.38 148.36 149.31 150.26 150.63 151.58 153.51 157.20 161.45 165.40 167.26 167.76 166.10 164.62 166.29 171.93 178.05 183.12 185.12 184.12 180.41 178.36 177.72 178.13 178.06 179.24 181.29 184.29 188.34 194.45 201.18 206.05 209.11 208.98 207.93 207.36 206.20 206.05 206.82 209.82 214.82 220.71 226.64 234.35 242.01 248.62 253.10 256.60 261.55 266.87 271.65 275.95 279.83 285.44 289.97 292.45 293.33 291.16 288.41 286.24 287.31 290.86 298.00 306.76 316.64 325.49 332.05 339.55 348.03 356.05 361.15
149.41 149.54 151.34 152.66 155.28 157.01 159.01 160.39 163.41 167.73 172.37 174.20 173.15 171.06 170.19 174.43 179.71 184.78 186.85 185.71 183.53 182.26 183.08 184.03 184.03 183.92 185.12 188.26 191.53 195.93 202.05 207.92 210.05 210.71 210.36 211.12 212.03 213.88 216.65 220.14 224.86 232.45 238.31 244.49 251.54 257.83 262.79 267.75 273.00 281.42 288.12 294.60 299.19 304.97 309.19 312.29 313.46 312.99 310.70 307.58 306.42 308.28 312.56 319.15 326.01 332.85 340.01 348.97 358.00 366.24 372.91
153.31 154.39 156.30 156.27 159.22 162.26 164.26 165.30 167.27 170.19 175.06 177.10 177.14 176.21 175.25 178.22 182.14 186.07 187.09 188.10 186.19 186.22 187.27 189.25 189.30 190.37 191.37 192.30 194.23 198.15 202.00 206.88 209.91 213.06 215.26 217.33 217.34 219.33 223.36 228.53 237.65 245.79 253.94 259.94 265.86 270.82 276.81 279.83 284.83 293.74 302.81 311.97 320.11 326.15 330.24 332.20 334.24 335.22 334.29 332.46 332.58 335.61 340.60 343.46 345.20 347.98 352.78 359.68 368.51 376.47 382.53
159.43 161.87 161.68 161.73 163.24 165.82 168.19 170.63 172.21 174.14 175.93 178.72 178.67 179.12 179.93 182.51 185.49 188.05 189.70 190.32 190.42 190.84 192.59 193.47 194.86 196.93 198.31 199.77 200.33 201.07 202.18 204.76 207.76 213.00 218.17 222.36 223.93 227.00 230.86 239.08 248.82 259.94 270.41 277.11 282.31 287.59 292.79 298.21 303.17 309.70 318.47 329.01 338.55 346.04 351.81 354.61 356.61 356.39 357.11 358.93 361.35 364.77 368.00 369.28 367.27 366.36 367.82 372.77 376.84 383.07 390.89
161.92 164.95 165.64 164.66 166.25 168.98 172.08 175.11 176.77 178.77 180.77 181.22 182.13 183.16 185.21 187.95 190.18 192.08 193.67 196.49 197.18 197.45 197.58 199.42 202.21 204.21 206.38 206.89 206.86 205.70 205.64 206.09 209.31 212.78 218.62 224.56 231.36 236.99 243.13 251.06 262.11 274.64 286.21 294.81 302.15 309.63 317.04 324.45 330.14 335.56 341.54 348.48 357.13 364.47 369.44 372.88 374.88 377.10 380.39 385.66 390.00 393.19 394.44 392.86 390.57 387.60 387.88 388.73 390.14 394.40 400.82
160.94 163.96 166.02 168.12 172.16 175.18 177.16 180.16 183.18 185.18 187.18 187.16 186.12 187.10 189.10 192.12 194.14 197.19 201.22 204.22 206.26 206.26 207.30 208.33 211.33 213.31 213.22 213.20 213.22 213.29 213.29 213.26 213.21 216.16 221.15 229.18 238.22 247.30 256.36 265.40 276.40 289.44 304.57 316.71 327.79 336.85 346.94 356.97 363.99 365.89 366.75 368.61 374.53 380.49 385.46 386.41 388.38 392.40 400.52 407.63 415.68 419.72 419.71 417.71 415.73 414.77 413.73 410.69 411.71 414.70 417.59
159.10 162.84 167.36 171.88 176.17 180.20 182.86 185.53 188.58 190.58 192.29 191.17 189.80 189.73 191.73 195.80 199.20 203.32 207.32 210.61 213.64 214.26 216.33 219.48 222.44 223.32 221.38 220.64 221.67 224.11 224.39 223.36 222.74 223.72 228.06 236.06 246.18 256.21 266.24 276.52 288.80 304.57 323.16 339.83 352.23 364.04 376.19 386.15 393.15 392.96 390.07 388.48 391.67 396.27 399.95 399.54 400.14 404.55 414.70 426.61 435.27 440.31 440.60 438.51 437.21 435.92 433.52 432.25 434.33 437.33 438.60
161.26 164.30 168.68 173.07 178.90 183.70 187.77 189.73 192.01 194.01 194.18 193.83 192.37 192.30 194.44 198.52 202.55 205.83 209.75 214.44 218.16 220.88 222.88 225.81 229.53 231.18 232.17 231.98 233.63 237.39 239.15 237.50 234.78 233.60 236.68 244.76 254.03 264.76 275.33 288.39 304.11 321.90 340.28 356.74 369.77 382.92 394.99 405.71 412.64 413.29 409.08 407.62 409.55 413.59 415.11 414.07 414.11 417.77 427.85 441.64 451.56 457.21 458.89 458.27 456.88 453.98 450.87 451.01 452.94 456.16 457.04
165.02 167.01 170.01 173.00 177.99 181.99 185.99 187.99 189.99 191.99 193.00 194.00 195.01 196.01 196.01 199.00 203.00 206.00 211.00 217.01 221.01 225.01 227.02 231.02 235.03 238.04 243.05 246.07 249.08 253.07 255.07 252.07 248.07 246.07 247.06 254.05 263.05 274.05 287.06 303.07 321.08 339.08 356.08 370.07 383.07 395.06 406.06 417.06 425.06 427.07 425.08 426.09 428.09 431.09 432.09 431.09 430.08 432.08 441.07 455.06 467.08 474.08 477.09 478.09 478.10 477.11 475.12 474.12 477.12 477.10 473.09
169.53 170.17 171.80 174.58 176.89 179.56 183.31 185.60 188.64 190.89 193.25 195.33 197.08 197.26 198.33 199.97 202.18 205.96 211.07 217.11 221.86 226.18 230.33 234.33 239.95 245.61 251.90 257.30 262.41 265.92 267.85 266.10 261.29 259.25 260.54 265.36 274.36 285.06 299.17 316.03 335.18 353.43 370.69 386.05 399.01 409.16 419.90 429.47 438.54 442.69 442.34 443.84 447.27 449.71 450.56 449.74 449.00 448.49 455.16 467.90 482.94 491.31 494.34 495.87 496.98 496.24 496.97 498.37 499.11 496.96 493.00
175.64 175.53 176.56 177.23 177.54 178.81 181.16 184.20 187.89 191.61 194.72 196.65 198.30 199.95 200.87 201.76 203.43 206.54 209.56 214.87 219.66 224.09 228.24 232.24 240.01 248.38 256.72 263.37 269.05 274.06 277.13 278.08 274.50 273.12 275.08 280.69 289.77 299.65 313.04 327.71 345.48 365.28 384.08 400.12 413.81 424.85 434.12 444.45 453.38 457.30 458.38 458.30 460.90 466.27 469.79 471.74 472.39 472.57 476.55 486.60 498.73 507.85 510.16 509.47 509.79 510.51 512.59 515.24 518.29 516.22 511.68
180.92 181.90 181.93 180.93 179.94 180.94 181.96 184.97 188.99 192.99 194.97 197.97 199.95 202.93 204.90 206.89 207.89 208.92 209.92 214.94 217.98 221.02 223.06 227.08 235.10 245.08 255.08 263.07 269.07 275.03 282.94 286.86 287.76 287.71 290.69 297.68 305.68 316.67 328.69 341.72 356.76 375.79 393.81 409.81 423.81 434.81 443.81 454.83 464.83 469.79 470.77 470.74 473.71 480.70 488.64 493.60 495.56 498.52 500.52 507.56 515.64 523.68 525.67 523.66 523.68 524.68 526.68 530.67 534.66 533.63 526.66
183.18 184.18 183.32 183.40 182.87 183.84 184.84 186.80 189.19 193.19 197.31 199.74 203.88 206.85 210.15 212.40 213.65 214.62 216.66 219.52 222.55 223.18 223.38 225.04 231.25 241.09 249.79 257.54 263.73 272.35 282.94 291.67 296.87 300.06 303.56 310.31 319.41 330.41 341.53 353.68 367.61 384.78 402.81 418.87 432.87 443.87 452.84 461.47 470.15 477.58 481.16 483.72 488.30 495.58 504.15 510.22 514.37 518.70 522.24 528.14 532.89 538.24 541.34 541.43 539.75 540.50 542.50 546.72 552.05 552.62 545.56
182.21 183.21 183.90 183.90 185.56 187.21 188.28 189.56 191.19 195.19 199.90 203.99 207.92 211.49 216.18 219.15 221.20 222.84 225.49 228.49 230.84 230.15 227.30 227.04 230.41 237.58 244.96 251.91 260.17 270.69 283.92 295.23 304.05 307.55 312.64 318.67 327.03 338.10 351.51 365.19 379.27 394.06 411.56 426.20 440.35 451.27 460.84 468.01 475.89 483.29 489.60 495.77 501.86 509.40 516.17 521.95 525.80 530.92 536.66 543.23 548.87 552.71 554.99 556.28 557.01 556.89 558.82 564.44 570.48 572.57 566.79
183.84 184.84 185.87 185.82 188.81 190.84 190.88 192.87 193.85 197.85 201.91 205.91 210.91 215.87 220.87 224.81 226.78 228.76 231.76 234.76 236.76 235.73 233.69 231.72 232.82 236.94 243.00 250.00 259.94 273.78 289.69 302.60 311.55 317.42 322.45 327.51 335.54 345.60 358.69 372.78 385.84 401.83 416.88 431.86 443.91 455.85 466.76 475.57 484.51 491.51 499.53 504.61 510.66 515.71 524.63 533.44 539.29 543.30 549.27 557.29 563.32 568.31 571.22 573.17 574.14 575.11 578.07 585.01 590.95 592.98 589.00
187.97 189.16 189.30 191.20 193.16 193.87 193.90 194.80 197.73 201.78 204.52 208.09 212.26 217.02 222.29 227.38 230.43 233.71 236.90 240.12 242.07 242.30 240.49 238.46 238.18 240.06 244.59 251.40 262.71 278.85 296.35 311.92 323.44 332.01 336.10 339.98 346.43 354.96 365.20 375.63 387.19 401.76 417.91 431.81 445.07 458.09 471.85 485.75 496.18 503.77 509.60 514.15 517.77 523.84 533.05 545.27 555.17 560.86 567.72 573.36 578.08 582.19 587.50 592.07 594.54 595.49 598.49 606.16 614.12 615.21 609.63
193.33 195.98 196.89 198.44 199.84 199.79 199.12 200.79 202.88 205.89 207.23 209.06 213.58 218.20 223.05 227.45 231.05 235.10 239.83 243.73 246.87 249.05 248.49 247.02 245.83 247.30 249.67 255.08 266.68 282.82 302.06 319.23 333.54 343.57 349.61 354.60 360.63 366.72 373.89 381.06 389.89 401.20 415.60 430.35 445.00 459.20 475.89 492.57 506.41 517.55 523.94 527.16 530.57 536.64 546.76 558.97 569.99 578.68 584.70 589.72 593.67 599.18 606.43 612.46 617.10 619.16 622.09 627.38 633.66 636.91 635.80
198.65 201.66 204.54 206.50 207.46 207.42 207.35 208.50 208.66 207.83 208.83 211.81 214.86 218.93 222.92 226.92 230.96 234.96 239.03 244.90 249.77 253.64 256.38 256.25 257.13 257.14 258.16 262.30 271.53 285.81 303.09 319.23 334.28 345.18 354.89 363.63 371.46 380.16 388.01 392.98 399.14 406.39 416.67 429.88 444.96 460.01 477.99 495.93 511.81 526.59 536.26 543.94 549.70 554.65 563.75 572.97 582.02 592.04 597.14 601.24 605.17 613.01 620.94 627.84 633.74 638.71 642.65 647.60 654.54 658.47 659.38
202.56 205.56 208.74 211.80 213.85 215.10 215.06 214.08 213.19 211.99 212.84 214.39 217.43 221.43 225.63 229.61 232.32 236.32 240.70 246.68 253.99 260.27 265.60 267.89 269.03 270.61 272.66 274.37 279.71 288.61 300.67 314.02 327.79 340.22 353.42 365.09 376.61 389.15 399.76 407.39 412.44 417.12 423.41 433.80 446.34 460.12 476.89 494.93 512.87 529.16 543.41 554.23 564.11 572.81 580.88 588.77 597.59 605.44 609.53 612.40 618.89 627.96 638.11 646.36 653.25 656.07 660.25 666.30 673.30 679.63 681.48
204.11 207.11 211.24 214.17 216.80 218.78 219.83 220.38 220.30 218.74 218.06 218.64 220.59 224.65 229.15 233.71 236.71 240.64 246.12 252.61 260.60 268.85 274.27 277.82 280.93 285.66 288.15 288.53 289.33 292.51 300.37 310.71 323.09 337.20 350.14 364.30 378.47 393.00 407.85 419.00 426.67 430.54 433.75 439.97 449.81 462.33 477.92 494.86 512.44 528.37 543.00 557.78 572.06 584.35 594.45 603.44 611.24 619.74 625.22 629.69 637.67 646.67 656.18 665.30 671.18 675.23 680.22 686.77 693.77 700.20 702.20
204.00 207.10 210.19 214.10 216.10 219.01 221.93 223.80 225.58 225.40 225.30 224.49 224.61 227.70 231.69 236.75 241.67 246.58 252.39 260.26 269.22 277.27 283.18 288.05 292.92 297.93 301.80 301.74 297.98 298.23 302.53 311.66 323.71 337.76 351.67 365.57 381.45 398.37 414.40 428.23 438.07 442.78 446.64 450.66 458.83 469.10 481.45 496.67 513.87 528.85 542.95 557.96 573.88 586.90 598.78 610.56 620.24 630.11 637.79 646.50 656.27 665.27 673.30 681.44 688.35 694.23 700.09 707.10 714.00 720.86 724.68
203.84 204.72 207.73 211.89 216.14 219.27 222.26 225.18 228.24 230.21 230.48 229.77 228.85 231.54 235.56 239.51 244.37 249.38 257.51 266.59 274.67 283.73 289.71 295.81 301.71 306.85 312.19 313.62 309.97 307.95 310.60 318.30 328.99 341.69 355.70 371.99 388.92 403.94 419.78 433.64 445.92 455.44 460.88 466.18 472.34 479.77 489.25 500.93 515.52 530.55 544.55 559.56 575.26 588.42 601.61 614.95 628.23 639.73 651.04 661.23 672.31 681.27 690.47 697.57 704.43 711.31 718.52 725.78 734.89 743.08 749.59
203.39 204.39 206.81 211.36 216.93 221.51 224.96 226.90 229.90 231.29 233.93 234.92 234.92 236.38 239.93 243.41 247.41 251.83 260.03 268.51 277.57 286.63 293.22 298.18 303.70 309.63 317.27 323.33 325.35 325.13 325.94 330.40 337.92 347.38 361.05 377.79 393.28 409.34 424.73 437.60 450.15 461.72 471.84 480.45 488.38 493.65 499.31 509.79 522.67 536.77 550.89 565.57 579.96 593.44 607.96 623.53 639.14 653.20 665.77 677.35 687.71 698.26 708.25 715.73 721.54 728.45 736.26 746.28 755.61 765.18 775.98
204.78 205.72 208.65 212.58 218.65 223.60 228.44 230.38 233.44 236.33 239.28 242.05 242.87 244.00 246.11 249.15 252.21 257.20 262.56 270.54 279.60 287.78 293.91 297.83 302.96 310.78 318.73 329.48 337.96 343.21 344.92 346.07 349.39 355.59 366.11 379.69 393.97 410.14 426.97 440.74 452.61 465.45 479.20 489.94 500.58 507.48 514.16 523.15 536.21 547.48 559.89 571.29 586.48 600.35 616.24 633.08 650.05 665.70 678.65 690.55 702.30 714.33 725.16 732.86 740.45 749.12 760.47 773.03 785.62 795.52 806.73
207.31 209.47 211.53 216.47 221.53 227.59 233.56 236.50 238.45 241.45 245.49 248.60 250.65 251.76 253.75 255.68 259.62 262.63 267.74 275.62 283.56 290.50 296.61 301.74 306.94 313.88 322.72 332.36 343.29 352.61 358.09 360.66 364.16 370.22 376.92 385.16 395.38 407.83 425.60 441.83 456.49 470.96 486.12 500.05 511.05 518.16 526.31 537.53 549.47 559.41 568.14 577.86 589.36 603.28 619.29 637.33 655.61 673.72 688.00 702.09 714.30 726.39 738.45 749.95 761.55 775.08 790.66 808.10 822.34 834.66 844.57
210.02 213.56 216.62 220.56 226.68 232.27 236.31 238.25 240.25 243.25 247.72 251.79 254.20 256.15 258.56 260.97 264.44 267.85 273.92 281.39 289.39 296.86 303.87 311.23 319.13 326.48 332.82 338.27 345.42 353.71 363.03 372.72 383.30 392.49 399.13 401.62 403.81 409.82 422.56 439.45 459.43 479.23 495.71 507.99 518.87 526.76 536.83 548.83 561.49 571.43 578.65 586.46 595.27 606.84 622.43 641.43 661.68 679.68 695.75 710.58 725.12 739.14 751.02 765.27 780.94 798.44 819.18 838.72 856.21 871.11 882.29
211.88 215.96 218.96 222.96 228.24 232.38 234.49 236.49 238.43 241.37 246.38 250.38 254.18 257.82 261.68 265.55 268.58 274.11 280.11 287.28 295.35 303.43 311.15 321.89 333.40 342.93 349.69 352.61 354.87 359.11 366.72 379.06 394.03 409.50 420.67 425.78 426.10 426.98 432.79 444.92 462.83 482.57 500.63 514.36 526.80 537.09 547.21 560.19 570.59 581.32 591.57 600.29 609.22 618.39 632.65 652.03 670.40 688.46 705.31 722.97 738.77 753.68 767.31 780.27 797.20 818.07 839.40 860.20 879.97 898.35 914.60
